Ödev macOS ortamında hazırlanmıştır. Derleyici olarak gcc kullanılmıştır.

NOT: 
"$" sembolü terminal komutu olduğunu belirtmek için kullanılmıştır. Komut "$" sembolünden sonra gelen kod parçacığıdır

Derlemek için gerekli terminal komutları:
1. $gcc -o cl.out client.c
2. $gcc -o sr.out server.c

Çalıştırmak için gerekli terminal komutları ve adımlar:
1. Bir terminalden aşağıda verilen terminal komutunu çalıştırın.
$./sr.out
2. Başka bir terminalden aşağıda verilen terminal komutunu çalıştırın.
$./cl.out
Birden fazla client çalıştırmak için 2. adımı tekrarlayabilirsiniz.

ÖNEMLİ NOT: 
Server'ın output dosyasını ilk çalıştırmanız gerekmektedir. 
Eğer program beklenildiği gibi çalışmıyorsa yeni bir key üretilmesi gereklidir. Bunun için gerekli adımlar:
1. "client.c" dosyasının 39. satırındaki "key = ftok("client.c", '2');" ifadesinde ya 2.parametreye farklı bir char verin ya da 1.parametreye bulunduğunuz dizinde bulunan bir dosyanın ismini verin. İkisini de aynı anda yapabilirsiniz.
2. "server.c" dosyasının 87. satırındaki "key = ftok("client.c", '2');" ifadesini 1.adımdaki "client.c" de yaptığınız değişikliğin aynısını yapın. Eğer char'ı değiştirdiyseniz aynı değişikliği burada yapın. Eğer dosya ismini değiştirdiyseniz aynı ismi burada da verin.
"server.c" ve "client.c" dosyasının içindeki key'ler aynı olmalı diğer türlü aynı message queue id'sini alamayız. Benim tavsiyem "client.c" ya da "server.c" dosyalarından birinde bahsedilen değişikliği yapıp değiştirmediğiniz diğer .c dosyasına kopyala yapıştır yapmanızdır.

NOT:
Program 2. kez çalıştırdığında yukarıda bahsettiğim olay meydana gelebilir. Bunun için yine bahsettiğim çözümü uygulayınız.

NOT:
Her on saniyede bir "cl.out" dosyasının çalıştığı terminal aşağıda verilen şekilde çıktı üretmelidir. Eğer çıktıda sorted array yok ve 10 saniyeden fazlaca bir süredir işlem bekliyor ise program beklenildiği gibi çalışmamaktadır.
Yukarıda bahsettim adımları uygulayabilirsiniz. 


Unsorted Array: -4 -42 -99 28 -126 31 75 87 -82 -26 24 76 -80 -68 -119 -108 -16 124 35 37 121 82 62 113 -102 -54 -89 80 6 113 60 -5 65 37 51 -67 32 -58 -54 117 -107 -95 -63 -91 -48 -26 -80 -7 -19 91 -89 17 -51 108 2 -35 72 72 -119 -14 -77 17 -126 109 -82 37 -62 63 -2 86 114 104 -56 -100 90 115 -24 -73 59 115 116 -72 -29 -120 37 127 -44 40 -100 63 15 -80 -79 11 68 4 -121 127 24 120 -63 35 -17 34 -125 48 -90 -41 -16 -97 25 81 -98 45 -18 -73 -23 2 98 -84 111 -45 118 65 -72 89 121 57 -60 -82 -115 -8 30 -10 64 27 65 -29 122 106 -49 -35 -109 -2 -98 -108 119 -71 -83 -52 -68 -3 -89 95 -25 -81 -87 -55 13 68 -12 -44 -104 -45 30 -88 11 -58 52 83 13 -47 -16 -7 -52 -49 119 2 -44 -11 -110 30 -105 60 -70 -95 39 -40 78 65 107 38 57 -124 120 98 -21 113 -27 24 65 56 -51 3 58 67 69 82 8 -108 113 59 -49 -39 39 -65 5 -19 119 71 -113 111 113 31 -119 -59 -94 -110 100 -21 56 -84 -91 71 -108 -12 -76 -101 -8 84 -94 -33 -120 58 -66 -109 37 -59 45 107 23 -94 110 -13 102 -19 44 -92 -19 -14 100 -96 -61 -82 69 -50 -77 112 -39 108 -7 66 -60 55 -65 15 30 -102 -4 -98 19 -56 60 -125 -2 -105 124 80 -34 116 -59 74 20 22 -87 -22 -98 -86 -58 -2 -97 69 30 51 76 111 100 105 -6 -42 7 26 -62 80 -125 -56 33 3 49 41 68 53 -85 35 118 -92 -71 100 -90 120 40 83 31 -82 123 -62 123 93 -104 94 -73 -31 -105 -72 38 57 -23 -41 -107 9 98 52 108 25 48 -30 -26 55 -23 58 21 41 -26 -45 8 10 -96 -60 -19 17 71 -114 82 119 99 -4 69 -107 115 -80 -62 -107 -114 -35 7 41 72 -91 79 -88 13 112 15 97 62 76 -68 2 -91 -58 53 -78 -46 66 -74 12 125 106 22 -128 64 76 92 127 -22 -84 18 18 -107 -48 7 -107 -123 -51 -73 -10 113 116 74 -56 31 78 109 95 45 -29 122 -30 79 116 60 -109 -120 -95 123 -82 45 -106 6 49 50 10 45 17 68 98 -51 65 48 52 80 -120 -38 27 -1 108 -38 59 -47 104 57 87 96 -11 113 107 32 68 -9 -13 1 -15 -93 116 -37 -51 -109 58 -63 -69 51 -45 99 -84 -57 123 99 106 -116 -63 115 76 -60 -81 -81 81 -42 -110 -77 -24 -41 -11 25 14 -73 -102 93 77 36 -7 -55 -78 -80 -74 -47 -2 92 76 4 59 -51 17 38 32 -102 -80 71 -119 49 83 -57 -71 49 -118 113 119 88 -23 61 61 -123 5 22 -42 13 -75 -79 -45 56 -31 -29 -62 117 -34 -87 4 -64 90 35 88 -25 -6 84 -1 -46 105 42 3 117 70 27 68 2 -9 -15 88 44 112 -36 -36 22 -62 85 -125 -75 120 -69 84 54 -82 50 68 119 -50 -25 -73 90 125 27 -3 6 -122 19 74 -92 -50 -24 -9 68 17 96 -109 -106 -30 78 112 95 -11 14 -18 -31 58 -49 52 -90 111 6 75 76 -25 95 58 120 62 18 -32 32 121 12 71 28 -33 -123 -56 6 -47 56 124 -5 -82 -57 -39 -10 -87 104 -30 -25 65 -47 -115 -20 72 20 110 70 74 -76 -49 -32 19 -59 7 93 -56 -107 24 -97 103 33 -77 -53 -57 84 -127 65 25 -73 45 49 127 17 10 -82 70 97 59 11 -116 -23 -7 44 -49 -31 -79 -70 -115 -86 41 -100 21 -98 -120 82 -54 93 118 -74 -58 -118 99 -47 -52 121 114 88 -2 -52 85 -48 40 -19 53 27 -13 -94 -46 87 -22 56 53 -42 -55 50 93 -22 -19 96 47 -74 8 -43 -107 21 -14 49 92 125 61 108 -21 65 72 -17 7 89 95 -90 95 -14 54 27 -7 83 -83 94 -84 99 16 25 112 27 114 -100 -77 -60 -111 -44 -41 -94 72 111 -123 92 26 -98 84 -51 13 -59 -4 -71 -77 -127 -8 38 30 -113 -64 -41 -40 113 84 64 40 -39 18 -77 125 37 82 107 -3 90 21 -69 80 82 -124 -81 124 -115 32 1 -75 89 114 16 103 75 55 39 -29 -65 46 47 -88 -114 -123 115 -116 -55 109 -104 84 -103 79 -9 -90 -1 26 -17 -109 -126 14 -11 12 32 66 -111 39 -83 18 -33 6 -67 -3 94 31 1 75 -57 -51 20 116 -63 22 58 -79 33 116 51 93 51 -25 2 -15 119 -39 111 -49 83 48 36 23 38 -9 -90 66 36 -71 4 96 72 118 56 -49 48 -68 -64 70 120 -85 -111 -37 24 114 -2 -55 70 32 -52 79 -19 -112 -47 14 112 44 -25 -58 -99 54 117 55 32 121 63 66 107 34 97 -119 -15 -95 -84 114 123 -12 -90 120 -69 113 -68 -32 126 43 72 -81 -75 20 -97 29 -124 -7 -71 91 76 -13 -19 44 68 120 -55 44 36 -28 -106 26 -21 110 
Sorted Array: -128 -127 -127 -126 -126 -126 -125 -125 -125 -125 -124 -124 -124 -123 -123 -123 -123 -123 -122 -121 -120 -120 -120 -120 -120 -119 -119 -119 -119 -119 -118 -118 -116 -116 -116 -115 -115 -115 -115 -114 -114 -114 -113 -113 -112 -111 -111 -111 -110 -110 -110 -109 -109 -109 -109 -109 -109 -108 -108 -108 -108 -107 -107 -107 -107 -107 -107 -107 -107 -106 -106 -106 -105 -105 -105 -104 -104 -104 -103 -102 -102 -102 -102 -101 -100 -100 -100 -100 -99 -99 -98 -98 -98 -98 -98 -98 -97 -97 -97 -97 -96 -96 -95 -95 -95 -95 -94 -94 -94 -94 -94 -93 -92 -92 -92 -91 -91 -91 -91 -90 -90 -90 -90 -90 -90 -90 -89 -89 -89 -88 -88 -88 -87 -87 -87 -87 -86 -86 -85 -85 -84 -84 -84 -84 -84 -84 -83 -83 -83 -82 -82 -82 -82 -82 -82 -82 -82 -82 -81 -81 -81 -81 -81 -80 -80 -80 -80 -80 -80 -79 -79 -79 -79 -78 -78 -77 -77 -77 -77 -77 -77 -77 -76 -76 -75 -75 -75 -75 -74 -74 -74 -74 -73 -73 -73 -73 -73 -73 -73 -72 -72 -72 -71 -71 -71 -71 -71 -71 -70 -70 -69 -69 -69 -69 -68 -68 -68 -68 -68 -67 -67 -66 -65 -65 -65 -64 -64 -64 -63 -63 -63 -63 -63 -62 -62 -62 -62 -62 -62 -61 -60 -60 -60 -60 -60 -59 -59 -59 -59 -59 -58 -58 -58 -58 -58 -58 -57 -57 -57 -57 -57 -56 -56 -56 -56 -56 -56 -55 -55 -55 -55 -55 -55 -54 -54 -54 -53 -52 -52 -52 -52 -52 -51 -51 -51 -51 -51 -51 -51 -51 -50 -50 -50 -49 -49 -49 -49 -49 -49 -49 -49 -48 -48 -48 -47 -47 -47 -47 -47 -47 -47 -46 -46 -46 -45 -45 -45 -45 -45 -44 -44 -44 -44 -43 -42 -42 -42 -42 -42 -41 -41 -41 -41 -41 -40 -40 -39 -39 -39 -39 -39 -38 -38 -37 -37 -36 -36 -35 -35 -35 -34 -34 -33 -33 -33 -32 -32 -32 -31 -31 -31 -31 -30 -30 -30 -30 -29 -29 -29 -29 -29 -28 -27 -26 -26 -26 -26 -25 -25 -25 -25 -25 -25 -25 -24 -24 -24 -23 -23 -23 -23 -23 -22 -22 -22 -22 -21 -21 -21 -21 -20 -19 -19 -19 -19 -19 -19 -19 -19 -19 -18 -18 -17 -17 -17 -16 -16 -16 -15 -15 -15 -15 -14 -14 -14 -14 -13 -13 -13 -13 -12 -12 -12 -11 -11 -11 -11 -11 -10 -10 -10 -9 -9 -9 -9 -9 -8 -8 -8 -7 -7 -7 -7 -7 -7 -7 -6 -6 -5 -5 -4 -4 -4 -4 -3 -3 -3 -3 -2 -2 -2 -2 -2 -2 -2 -1 -1 -1 1 1 1 2 2 2 2 2 2 3 3 3 4 4 4 4 5 5 6 6 6 6 6 6 7 7 7 7 7 8 8 8 9 10 10 10 11 11 11 12 12 12 13 13 13 13 13 14 14 14 14 15 15 15 16 16 17 17 17 17 17 17 17 18 18 18 18 18 19 19 19 20 20 20 20 21 21 21 21 22 22 22 22 22 23 23 24 24 24 24 24 25 25 25 25 25 26 26 26 26 27 27 27 27 27 27 27 28 28 29 30 30 30 30 30 30 31 31 31 31 31 32 32 32 32 32 32 32 32 33 33 33 34 34 35 35 35 35 36 36 36 36 37 37 37 37 37 37 38 38 38 38 38 39 39 39 39 40 40 40 40 41 41 41 41 42 43 44 44 44 44 44 44 45 45 45 45 45 45 46 47 47 48 48 48 48 48 49 49 49 49 49 49 50 50 50 51 51 51 51 51 52 52 52 52 53 53 53 53 54 54 54 55 55 55 55 56 56 56 56 56 56 57 57 57 57 58 58 58 58 58 58 58 59 59 59 59 59 60 60 60 60 61 61 61 62 62 62 63 63 63 64 64 64 65 65 65 65 65 65 65 65 65 66 66 66 66 66 67 68 68 68 68 68 68 68 68 68 69 69 69 69 70 70 70 70 70 71 71 71 71 71 72 72 72 72 72 72 72 72 74 74 74 74 75 75 75 75 76 76 76 76 76 76 76 76 77 78 78 78 79 79 79 79 80 80 80 80 80 81 81 82 82 82 82 82 82 83 83 83 83 83 84 84 84 84 84 84 84 85 85 86 87 87 87 88 88 88 88 89 89 89 90 90 90 90 91 91 92 92 92 92 93 93 93 93 93 93 94 94 94 95 95 95 95 95 95 96 96 96 96 97 97 97 98 98 98 98 99 99 99 99 99 100 100 100 100 102 103 103 104 104 104 105 105 106 106 106 107 107 107 107 107 108 108 108 108 108 109 109 109 110 110 110 111 111 111 111 111 111 112 112 112 112 112 112 113 113 113 113 113 113 113 113 113 113 114 114 114 114 114 114 115 115 115 115 115 116 116 116 116 116 116 116 117 117 117 117 118 118 118 118 119 119 119 119 119 119 119 120 120 120 120 120 120 120 120 121 121 121 121 121 122 122 123 123 123 123 123 124 124 124 124 125 125 125 125 126 127 127 127 127 




Musa Erkam AKÇINAR 191104083

