126755
832357
528490
280439
638526
154193
1018487
897553
107630
609009
200431
889870
247353
1003324
906828
273141
390912
721881
589549
591406
696959
229722
886122
506221
201979
132377
806499
312119
841657
868799
229122
1011194
35558
799917
765407
563834
435424
945280
799763
52248
298268
863593
852091
229971
309916
895524
266295
850484
44817
318297
33174
903321
33591
159040
855842
587966
238333
760579
734836
301359
678315
209797
486191
823229
1009866
796938
17495
14822
196689
597143
14097
36582
296540
875808
31245
693547
617290
754626
356784
816721
596839
566027
369714
669114
274260
244839
268034
946123
933719
387048
865217
510621
988105
761530
943805
860982
1016036
495048
391926
207421
778411
275860
666017
233165
624537
594678
223659
250421
774150
135481
983975
263472
123255
629916
811868
1026565
110009
23869
414248
520443
344226
319575
616371
513646
651528
627183
616044
627022
501546
938566
798934
50453
312215
182010
238952
702880
706420
413730
533219
686957
319437
708018
475413
265137
522441
349817
735128
1016333
96049
730634
788520
509063
942376
803210
930254
841108
628372
24080
1033529
1002225
713423
513067
5176
1047587
296523
513300
922183
245024
880369
905106
4606
307636
668251
595610
900511
942120
924898
1032460

555313
67862
371259
781917
177145
285615
48418
457767
1818
1047086
436569
595877
998284
403239
457865
538015
478227
838097
434657
844394
982482
288942
698012
681649
90758
733523
1013062
711190
355340
651944
878077
438093
662584
490672
672380
619958
439463
238456
953704
835075
70639
117479
197686
748992
402232
459076
1017324
484372
371067
1018290
386899
820950
315433
628115
725371
1032950
567498
21039
728734
13486
280813
457977
431327
185698
811767
639822
1026322
933800
839380
156040
486748
805576
853652
470824
635328
382377
869430
794542
893187
430680
403025
703749
102495
524682
118378
123587
811634
778834
7740
568473
470441
127031
212369
412921
569157
443677
734154
609332
248397
53608
374362
411309
643521
515583
25692
768836
99476
726272
790777
554873
727662
1020863
542137
306449
268338
916744
811175
388076
741839
988542
762582
815267
743649
339251
840228
273775
878802
501497
154146
58333
1020226
160339
1030082
848761
103198
136141
27825
845166
494754
385089
1031789
387088
119520
460973
483794
371180
804580
867399
204519
420000
1038493
329160
14550
819922
865969
309519
989170
584167
696560
360462
977662
167522
1000158
994214
690622
171773
896147
583563
337927
1019326
15907
689892
19679
7684
571300
562690
610653
105291
481542
886029
465418
170526
277991
288686
133742
249028
377523
881138
281230
854922
759919
487406
996391
391
209100
587247
311403
246002
71780
95707
163293
434034
730810
870875
1014529
563343
1010988
173970
656520
85273
181481
866305
465352
432392
916271
753029
677480
476995
415260
88876
589991
136203
81677
316760
203705
73847
723514
570463
462398
643337
260397
752292
584076
486173
49238
164309
575213
921457
98518
452120
825620
614356
998853
72230
625910
1003500
873601
516620
542687
120720
84183
579119
402096
453684
387498
30789
66531
928668
900457
796446
414541
65714
667527
347755
189662
719060
792414
69245
8697625
2660040
628141
580943266

5586911268
371103
3613095
860489
110594
38051
605237
800162
4464429
448508
472382
1036874
316296
517097
876674